0 309
0 594
0 315
0 345
1 243
1 765
1 222
1 708
2 123
2 615
2 558
2 513
3 726
3 753
3 681
3 210
4 372
4 582
4 252
4 744
5 81
5 696
5 693
5 423
6 354
6 270
6 138
6 297
7 153
7 477
7 603
7 462
8 306
8 150
8 39
8 549
9 147
9 264
9 489
9 270
10 111
10 279
10 15
10 69
11 264
11 699
11 282
11 636
12 513
12 534
12 615
12 594
13 465
13 540
13 252
13 51
14 42
14 390
14 348
14 195
15 99
15 183
15 660
15 405
16 336
16 699
16 186
16 483
17 195
17 675
17 756
17 309
18 186
18 3
18 378
18 453
19 702
19 660
19 321
19 450
20 429
20 168
20 276
20 126
21 708
21 528
21 177
21 753
22 150
22 525
22 180
22 252
23 708
23 72
23 657
23 276
24 6
24 78
24 762
24 201
25 753
25 750
25 510
25 174
26 753
26 123
26 627
26 690
27 15
27 180
27 372
27 444
28 351
28 648
28 570
28 291
29 411
29 747
29 276
29 561
30 504
30 459
30 45
30 447
31 531
31 705
31 723
31 537
32 15
32 717
32 741
32 0
33 699
33 483
33 174
33 687
34 606
34 33
34 609
34 624
35 216
35 213
35 300
35 567
36 93
36 105
36 90
36 504
37 84
37 369
37 300
37 591
38 60
38 345
38 270
38 591
39 282
39 225
39 363
39 297
40 177
40 336
40 300
40 108
41 51
41 474
41 27
41 660
42 510
42 636
42 516
42 726
43 81
43 48
43 525
43 177
44 153
44 615
44 681
44 240
45 216
45 213
45 63
45 276
46 561
46 333
46 102
46 75
47 558
47 465
47 375
47 735
48 33
48 675
48 78
48 84
49 381
49 105
49 744
49 123
50 744
50 492
50 81
50 57
51 543
51 606
51 234
51 696
52 456
52 150
52 168
52 672
53 363
53 231
53 183
53 156
54 564
54 285
54 234
54 357
55 750
55 609
55 324
55 15
56 516
56 402
56 99
56 129
57 510
57 78
57 255
57 486
58 570
58 336
58 543
58 345
59 177
59 12
59 276
59 633
60 162
60 444
60 537
60 525
61 678
61 720
61 684
61 474
62 237
62 150
62 63
62 219
63 759
63 390
63 234
63 507
64 24
64 336
64 636
64 534
65 414
65 123
65 252
65 216
66 462
66 30
66 564
66 639
67 42
67 72
67 504
67 204
68 516
68 273
68 729
68 426
69 228
69 645
69 135
69 465
70 27
70 198
70 687
70 18
71 588
71 153
71 525
71 615
72 489
72 396
72 381
72 135
73 519
73 636
73 354
73 213
74 666
74 150
74 84
74 708
75 222
75 588
75 144
75 738
76 96
76 105
76 399
76 324
77 753
77 534
77 21
77 12
78 732
78 708
78 33
78 555
79 96
79 558
79 402
79 585
80 186
80 15
80 723
80 708
81 651
81 309
81 153
81 549
82 459
82 240
82 489
82 681
83 60
83 633
83 651
83 156
84 741
84 282
84 480
84 726
85 48
85 504
85 738
85 15
86 444
86 3
86 570
86 540
87 564
87 204
87 360
87 750
88 219
88 315
88 690
88 105
89 624
89 78
89 654
89 315
90 318
90 378
90 228
90 378
91 243
91 111
91 537
91 216
92 396
92 249
92 174
92 444
93 753
93 147
93 459
93 432
94 150
94 261
94 204
94 714
95 465
95 564
95 699
95 687
96 111
96 621
96 24
96 735
97 699
97 678
97 282
97 249
98 288
98 510
98 630
98 534
99 624
99 399
99 750
99 252
100 648
100 159
100 696
100 636
101 306
101 390
101 300
101 456
102 651
102 504
102 405
102 351
103 303
103 336
103 270
103 414
104 189
104 294
104 384
104 123
105 204
105 666
105 372
105 495
106 411
106 234
106 261
106 267
107 633
107 243
107 519
107 516
108 402
108 447
108 384
108 708
109 69
109 684
109 399
109 723
110 420
110 36
110 306
110 723
111 372
111 576
111 372
111 561
112 102
112 756
112 684
112 306
113 654
113 291
113 33
113 297
114 525
114 294
114 564
114 393
115 540
115 315
115 141
115 174
116 765
116 525
116 117
116 66
117 441
117 516
117 21
117 93
118 552
118 327
118 51
118 156
119 135
119 423
119 717
119 237
120 411
120 636
120 546
120 297
121 159
121 579
121 597
121 684
122 108
122 393
122 309
122 648
123 711
123 450
123 54
123 708
124 207
124 171
124 6
124 648
125 687
125 30
125 744
125 471
126 357
126 27
126 627
126 495
127 450
127 579
127 732
127 93
128 447
128 510
128 390
128 606
129 324
129 219
129 522
129 432
130 615
130 66
130 312
130 558
131 516
131 366
131 498
131 726
132 540
132 504
132 606
132 459
133 534
133 582
133 165
133 126
134 609
134 24
134 621
134 291
135 603
135 585
135 384
135 282
136 330
136 9
136 120
136 654
137 228
137 645
137 318
137 75
138 711
138 630
138 633
138 459
139 228
139 363
139 417
139 0
140 102
140 258
140 462
140 636
141 72
141 627
141 762
141 684
142 651
142 615
142 207
142 489
143 435
143 594
143 3
143 765
144 603
144 126
144 651
144 63
145 3
145 201
145 141
145 714
146 63
146 6
146 405
146 291
147 372
147 57
147 294
147 474
148 315
148 756
148 342
148 387
149 615
149 339
149 303
149 498
150 186
150 513
150 219
150 621
151 339
151 225
151 618
151 174
152 351
152 501
152 237
152 354
153 702
153 378
153 300
153 765
154 387
154 705
154 291
154 759
155 762
155 585
155 465
155 309
156 573
156 39
156 699
156 420
157 378
157 234
157 150
157 567
158 747
158 372
158 420
158 318
159 597
159 273
159 492
159 180
160 6
160 732
160 534
160 711
161 342
161 66
161 708
161 729
162 3
162 231
162 720
162 0
163 48
163 417
163 309
163 621
164 459
164 240
164 273
164 69
165 477
165 426
165 636
165 456
166 30
166 291
166 9
166 627
167 564
167 501
167 39
167 570
168 465
168 573
168 513
168 42
169 639
169 456
169 3
169 642
170 687
170 726
170 642
170 738
171 375
171 186
171 591
171 66
172 426
172 99
172 138
172 135
173 525
173 6
173 594
173 555
174 297
174 603
174 414
174 93
175 336
175 453
175 666
175 36
176 258
176 411
176 78
176 129
177 99
177 81
177 3
177 21
178 39
178 648
178 759
178 417
179 66
179 582
179 483
179 492
180 681
180 621
180 630
180 438
181 630
181 456
181 225
181 159
182 291
182 639
182 255
182 627
183 324
183 153
183 663
183 582
184 564
184 741
184 711
184 666
185 57
185 717
185 687
185 96
186 597
186 678
186 513
186 663
187 492
187 231
187 387
187 408
188 84
188 249
188 78
188 714
189 705
189 306
189 108
189 228
190 177
190 363
190 90
190 504
191 516
191 753
191 318
191 312
192 729
192 264
192 210
192 18
193 213
193 129
193 114
193 42
194 39
194 630
194 705
194 534
195 93
195 324
195 174
195 177
196 576
196 252
196 126
196 513
197 558
197 234
197 744
197 738
198 597
198 66
198 474
198 345
199 51
199 24
199 657
199 12
200 288
200 102
200 30
200 501
201 231
201 147
201 543
201 273
202 9
202 480
202 39
202 102
203 39
203 213
203 279
203 615
204 465
204 405
204 360
204 258
205 639
205 336
205 228
205 468
206 402
206 702
206 45
206 456
207 726
207 705
207 468
207 249
208 39
208 501
208 750
208 270
209 648
209 528
209 543
209 657
210 240
210 582
210 759
210 279
211 27
211 270
211 126
211 495
212 678
212 489
212 753
212 549
213 57
213 213
213 252
213 462
214 147
214 297
214 150
214 105
215 234
215 618
215 354
215 273
216 351
216 339
216 546
216 231
217 99
217 321
217 120
217 339
218 138
218 111
218 621
218 165
219 384
219 747
219 660
219 294
220 468
220 645
220 75
220 528
221 90
221 327
221 222
221 237
222 627
222 372
222 345
222 93
223 222
223 699
223 369
223 576
224 270
224 147
224 39
224 369
225 468
225 162
225 711
225 606
226 273
226 564
226 6
226 657
227 543
227 666
227 183
227 246
228 546
228 261
228 6
228 636
229 588
229 228
229 108
229 447
230 600
230 453
230 543
230 54
231 384
231 144
231 630
231 657
232 291
232 672
232 258
232 759
233 66
233 201
233 600
233 339
234 765
234 606
234 231
234 543
235 504
235 414
235 21
235 282
236 675
236 27
236 153
236 498
237 255
237 261
237 177
237 87
238 714
238 720
238 141
238 330
239 96
239 6
239 219
239 387
240 678
240 480
240 381
240 744
241 681
241 213
241 315
241 681
242 51
242 546
242 456
242 555
243 195
243 477
243 72
243 102
244 504
244 225
244 600
244 759
245 486
245 12
245 78
245 432
246 732
246 219
246 762
246 63
247 225
247 216
247 450
247 135
248 696
248 63
248 111
248 609
249 276
249 429
249 522
249 327
250 207
250 210
250 117
250 402
251 687
251 189
251 507
251 423
252 414
252 339
252 414
252 132
253 351
253 492
253 564
253 318
254 714
254 558
254 381
254 171
255 6
255 63
255 309
255 702
256 129
256 420
256 546
256 405
257 81
257 300
257 735
257 291
258 513
258 84
258 693
258 432
259 273
259 432
259 90
259 687
260 6
260 504
260 51
260 357
261 231
261 615
261 675
261 177
262 405
262 288
262 348
262 414
263 354
263 657
263 348
263 483
264 312
264 126
264 120
264 393
265 429
265 87
265 684
265 174
266 171
266 612
266 606
266 444
267 276
267 696
267 363
267 282
268 435
268 414
268 642
268 666
269 261
269 549
269 75
269 669
270 72
270 423
270 315
270 426
271 315
271 663
271 141
271 627
272 24
272 261
272 252
272 453
273 351
273 171
273 627
273 522
274 15
274 465
274 201
274 291
275 396
275 564
275 576
275 63
276 213
276 450
276 729
276 474
277 231
277 36
277 375
277 303
278 459
278 690
278 729
278 6
279 588
279 102
279 633
279 612
280 366
280 120
280 297
280 717
281 291
281 156
281 471
281 306
282 621
282 672
282 597
282 249
283 471
283 405
283 312
283 684
284 87
284 273
284 390
284 321
285 309
285 0
285 624
285 3
286 690
286 588
286 9
286 510
287 690
287 645
287 354
287 288
288 765
288 651
288 237
288 288
289 39
289 711
289 594
289 663
290 615
290 423
290 144
290 318
291 63
291 459
291 234
291 150
292 732
292 627
292 471
292 276
293 627
293 330
293 279
293 549
294 150
294 288
294 294
294 72
295 165
295 648
295 363
295 162
296 534
296 600
296 450
296 573
297 543
297 276
297 468
297 393
298 702
298 615
298 711
298 765
299 306
299 180
299 147
299 270
300 39
300 621
300 546
300 666
301 183
301 57
301 447
301 333
302 348
302 741
302 405
302 513
303 624
303 0
303 678
303 390
304 603
304 360
304 195
304 378
305 639
305 666
305 3
305 573
306 513
306 717
306 570
306 51
307 129
307 717
307 321
307 168
308 570
308 102
308 66
308 753
309 159
309 513
309 318
309 507
310 489
310 726
310 255
310 345
311 726
311 165
311 735
311 561
312 525
312 162
312 174
312 396
313 60
313 177
313 201
313 573
314 126
314 3
314 624
314 255
315 723
315 180
315 423
315 525
316 282
316 489
316 513
316 441
317 237
317 63
317 183
317 726
318 21
318 438
318 303
318 750
319 603
319 270
319 543
319 360
320 432
320 717
320 759
320 495
321 129
321 192
321 300
321 255
322 198
322 159
322 513
322 153
323 339
323 168
323 678
323 621
324 660
324 423
324 294
324 129
325 489
325 477
325 87
325 510
326 147
326 390
326 492
326 750
327 660
327 270
327 345
327 324
328 219
328 336
328 51
328 348
329 528
329 354
329 606
329 726
330 513
330 351
330 111
330 84
331 519
331 24
331 705
331 411
332 447
332 231
332 540
332 168
333 711
333 627
333 681
333 90
334 249
334 405
334 75
334 141
335 675
335 420
335 468
335 129
336 756
336 519
336 477
336 516
337 105
337 315
337 477
337 618
338 666
338 588
338 702
338 420
339 612
339 639
339 63
339 294
340 105
340 606
340 462
340 48
341 465
341 375
341 138
341 717
342 15
342 213
342 90
342 690
343 633
343 558
343 51
343 621
344 312
344 531
344 372
344 417
345 78
345 81
345 270
345 747
346 669
346 204
346 399
346 516
347 78
347 462
347 42
347 183
348 300
348 504
348 231
348 0
349 114
349 369
349 717
349 129
350 585
350 39
350 51
350 450
351 600
351 105
351 306
351 144
352 636
352 678
352 561
352 714
353 759
353 63
353 693
353 660
354 270
354 324
354 408
354 348
355 21
355 450
355 531
355 321
356 189
356 762
356 321
356 303
357 363
357 270
357 432
357 180
358 312
358 483
358 633
358 144
359 588
359 171
359 288
359 456
360 81
360 81
360 405
360 72
361 147
361 330
361 732
361 417
362 657
362 375
362 765
362 678
363 57
363 528
363 231
363 246
364 522
364 555
364 549
364 117
365 57
365 213
365 300
365 369
366 699
366 165
366 513
366 519
367 336
367 33
367 210
367 417
368 117
368 615
368 489
368 264
369 177
369 453
369 681
369 66
370 60
370 678
370 744
370 120
371 438
371 210
371 366
371 192
372 765
372 150
372 309
372 54
373 363
373 609
373 426
373 294
374 6
374 171
374 48
374 342
375 207
375 258
375 759
375 324
376 105
376 480
376 588
376 282
377 168
377 501
377 351
377 228
378 411
378 327
378 348
378 81
379 537
379 717
379 273
379 534
380 99
380 582
380 591
380 462
381 426
381 249
381 759
381 432
382 420
382 39
382 9
382 627
383 297
383 0
383 183
383 402
384 483
384 3
384 684
384 651
385 504
385 267
385 111
385 147
386 597
386 462
386 228
386 366
387 411
387 501
387 135
387 510
388 318
388 726
388 204
388 744
389 207
389 195
389 408
389 627
390 234
390 417
390 489
390 531
391 420
391 672
391 165
391 135
392 678
392 84
392 18
392 414
393 351
393 129
393 564
393 180
394 591
394 24
394 549
394 234
395 528
395 684
395 744
395 78
396 642
396 183
396 54
396 81
397 378
397 462
397 708
397 615
398 114
398 429
398 378
398 534
399 336
399 546
399 669
399 246
400 630
400 687
400 660
400 213
401 48
401 456
401 396
401 642
402 483
402 177
402 108
402 243
403 93
403 87
403 321
403 735
404 270
404 375
404 48
404 648
405 69
405 756
405 495
405 183
406 420
406 108
406 717
406 756
407 654
407 618
407 234
407 516
408 537
408 126
408 729
408 588
409 585
409 357
409 462
409 300
410 534
410 570
410 543
410 627
411 657
411 96
411 594
411 159
412 471
412 642
412 42
412 540
413 633
413 537
413 726
413 285
414 645
414 675
414 273
414 531
415 528
415 507
415 279
415 297
416 633
416 243
416 117
416 450
417 600
417 579
417 750
417 369
418 384
418 525
418 228
418 273
419 621
419 57
419 435
419 324
420 699
420 477
420 99
420 564
421 246
421 57
421 81
421 126
422 732
422 354
422 657
422 492
423 93
423 171
423 24
423 729
424 414
424 141
424 411
424 246
425 723
425 396
425 615
425 339
426 153
426 78
426 612
426 9
427 135
427 279
427 333
427 66
428 756
428 432
428 633
428 237
429 489
429 714
429 363
429 456
430 303
430 252
430 180
430 396
431 423
431 204
431 357
431 69
432 348
432 3
432 318
432 303
433 399
433 165
433 642
433 552
434 243
434 486
434 561
434 378
435 0
435 129
435 447
435 756
436 561
436 312
436 225
436 285
437 258
437 588
437 741
437 561
438 75
438 153
438 192
438 498
439 360
439 549
439 570
439 708
440 552
440 120
440 243
440 183
441 285
441 117
441 738
441 531
442 603
442 531
442 141
442 603
443 660
443 588
443 594
443 456
444 132
444 51
444 741
444 393
445 642
445 714
445 186
445 717
446 99
446 378
446 447
446 459
447 162
447 249
447 399
447 714
448 369
448 642
448 132
448 657
449 759
449 102
449 420
449 597
450 633
450 561
450 432
450 528
451 384
451 258
451 216
451 516
452 312
452 189
452 141
452 186
453 135
453 330
453 135
453 234
454 708
454 582
454 696
454 102
455 66
455 327
455 51
455 435
456 204
456 183
456 324
456 195
457 285
457 744
457 24
457 150
458 540
458 459
458 678
458 156
459 717
459 126
459 672
459 261
460 315
460 48
460 447
460 450
461 378
461 582
461 687
461 318
462 399
462 615
462 423
462 465
463 174
463 474
463 132
463 378
464 657
464 459
464 576
464 174
465 435
465 600
465 324
465 207
466 291
466 237
466 363
466 243
467 363
467 270
467 504
467 681
468 318
468 186
468 363
468 696
469 0
469 282
469 246
469 399
470 129
470 669
470 96
470 306
471 375
471 231
471 684
471 264
472 690
472 492
472 438
472 357
473 327
473 765
473 567
473 618
474 234
474 162
474 93
474 597
475 432
475 600
475 510
475 750
476 18
476 108
476 678
476 18
477 390
477 159
477 420
477 522
478 60
478 516
478 60
478 438
479 747
479 744
479 702
479 669
480 471
480 375
480 261
480 30
481 372
481 60
481 648
481 606
482 222
482 744
482 435
482 657
483 576
483 180
483 639
483 594
484 288
484 552
484 612
484 678
485 711
485 264
485 432
485 3
486 15
486 492
486 441
486 762
487 471
487 378
487 666
487 174
488 753
488 159
488 204
488 357
489 219
489 84
489 195
489 441
490 60
490 630
490 330
490 636
491 42
491 204
491 462
491 330
492 756
492 309
492 243
492 699
493 573
493 675
493 702
493 588
494 402
494 378
494 585
494 105
495 756
495 483
495 279
495 741
496 642
496 483
496 330
496 93
497 567
497 525
497 534
497 630
498 387
498 99
498 498
498 432
499 303
499 195
499 762
499 291
500 504
500 237
500 222
500 309
501 147
501 156
501 132
501 549
502 534
502 717
502 654
502 522
503 432
503 165
503 495
503 306
504 648
504 57
504 399
504 447
505 582
505 165
505 309
505 204
506 264
506 42
506 636
506 567
507 237
507 630
507 90
507 741
508 102
508 312
508 282
508 249
509 471
509 414
509 30
509 237
510 363
510 684
510 762
510 27
511 81
511 489
511 333
511 729
512 549
512 732
512 408
512 363
513 132
513 720
513 567
513 396
514 762
514 435
514 198
514 231
515 300
515 288
515 204
515 402
516 603
516 486
516 651
516 306
517 135
517 681
517 543
517 498
518 597
518 537
518 528
518 678
519 261
519 93
519 639
519 42
520 60
520 279
520 405
520 192
521 231
521 207
521 588
521 225
522 642
522 18
522 456
522 174
523 309
523 660
523 576
523 144
524 381
524 459
524 450
524 516
525 372
525 225
525 246
525 201
526 765
526 6
526 111
526 258
527 102
527 750
527 300
527 162
528 264
528 705
528 354
528 495
529 144
529 174
529 723
529 21
530 195
530 411
530 195
530 504
531 306
531 6
531 648
531 687
532 465
532 330
532 435
532 72
533 555
533 681
533 273
533 552
534 690
534 387
534 42
534 24
535 369
535 342
535 186
535 633
536 282
536 540
536 363
536 426
537 714
537 318
537 447
537 141
538 729
538 645
538 645
538 267
539 651
539 525
539 186
539 348
540 87
540 621
540 420
540 645
541 537
541 696
541 429
541 459
542 315
542 474
542 483
542 684
543 48
543 669
543 552
543 330
544 441
544 147
544 759
544 387
545 465
545 438
545 531
545 426
546 315
546 408
546 696
546 198
547 168
547 114
547 549
547 255
548 738
548 201
548 132
548 507
549 129
549 564
549 198
549 444
550 270
550 681
550 363
550 318
551 582
551 147
551 651
551 255
552 294
552 642
552 642
552 759
553 312
553 405
553 417
553 630
554 48
554 345
554 60
554 216
555 462
555 609
555 471
555 432
556 45
556 606
556 171
556 174
557 402
557 369
557 621
557 672
558 282
558 216
558 222
558 96
559 363
559 105
559 351
559 657
560 747
560 225
560 648
560 294
561 633
561 297
561 156
561 681
562 645
562 216
562 129
562 339
563 60
563 600
563 3
563 105
564 438
564 174
564 279
564 72
565 543
565 132
565 744
565 57
566 348
566 201
566 153
566 711
567 306
567 504
567 600
567 288
568 729
568 480
568 582
568 594
569 12
569 738
569 507
569 657
570 186
570 636
570 228
570 246
571 471
571 231
571 351
571 141
572 405
572 633
572 216
572 180
573 765
573 192
573 237
573 348
574 393
574 390
574 291
574 702
575 126
575 126
575 222
575 87
576 606
576 36
576 684
576 618
577 6
577 423
577 507
577 192
578 294
578 735
578 441
578 765
579 198
579 24
579 138
579 603
580 657
580 354
580 15
580 657
581 549
581 252
581 237
581 174
582 642
582 528
582 108
582 0
583 654
583 330
583 90
583 495
584 366
584 6
584 345
584 372
585 429
585 87
585 567
585 723
586 54
586 240
586 720
586 255
587 264
587 93
587 90
587 156
588 447
588 108
588 45
588 228
589 360
589 282
589 405
589 237
590 42
590 513
590 237
590 699
591 78
591 327
591 426
591 444
592 333
592 3
592 51
592 765
593 90
593 618
593 720
593 147
594 90
594 675
594 402
594 354
595 0
595 492
595 510
595 447
596 600
596 555
596 678
596 195
597 69
597 315
597 432
597 114
598 60
598 669
598 45
598 138
599 231
599 471
599 585
599 564
600 474
600 636
600 561
600 567
601 486
601 516
601 714
601 576
602 423
602 348
602 162
602 423
603 72
603 675
603 102
603 675
604 462
604 12
604 102
604 534
605 327
605 534
605 648
605 390
606 435
606 693
606 528
606 666
607 396
607 345
607 465
607 102
608 213
608 258
608 669
608 699
609 6
609 615
609 507
609 429
610 195
610 672
610 84
610 270
611 579
611 189
611 177
611 273
612 201
612 279
612 39
612 531
613 45
613 687
613 153
613 480
614 612
614 681
614 381
614 240
615 261
615 78
615 345
615 474
616 336
616 246
616 408
616 345
617 96
617 147
617 6
617 291
618 51
618 93
618 561
618 630
619 282
619 738
619 138
619 483
620 249
620 177
620 246
620 294
621 99
621 399
621 9
621 711
622 315
622 390
622 186
622 576
623 468
623 531
623 282
623 36
624 9
624 690
624 381
624 105
625 72
625 390
625 399
625 123
626 483
626 192
626 756
626 765
627 165
627 126
627 480
627 414
628 303
628 729
628 711
628 402
629 360
629 720
629 348
629 675
630 342
630 534
630 483
630 42
631 297
631 0
631 78
631 306
632 690
632 462
632 414
632 762
633 84
633 45
633 120
633 567
634 237
634 108
634 564
634 402
635 234
635 276
635 51
635 537
636 237
636 762
636 174
636 600
637 714
637 522
637 507
637 288
638 288
638 225
638 330
638 585
639 225
639 408
639 123
639 147
640 102
640 537
640 144
640 186
641 582
641 264
641 753
641 54
642 372
642 549
642 456
642 606
643 60
643 507
643 375
643 297
644 501
644 549
644 129
644 447
645 303
645 639
645 735
645 591
646 96
646 297
646 408
646 321
647 708
647 534
647 468
647 42
648 303
648 612
648 231
648 120
649 108
649 216
649 174
649 480
650 0
650 630
650 318
650 60
651 372
651 696
651 357
651 105
652 477
652 489
652 555
652 15
653 360
653 522
653 606
653 456
654 54
654 249
654 9
654 762
655 15
655 477
655 36
655 318
656 324
656 267
656 438
656 432
657 486
657 612
657 147
657 486
658 477
658 465
658 546
658 81
659 393
659 135
659 186
659 105
660 624
660 741
660 120
660 216
661 498
661 726
661 672
661 552
662 207
662 681
662 546
662 222
663 393
663 582
663 543
663 717
664 84
664 213
664 381
664 570
665 60
665 528
665 288
665 537
666 228
666 66
666 618
666 621
667 201
667 36
667 726
667 60
668 12
668 78
668 276
668 510
669 39
669 183
669 294
669 246
670 96
670 72
670 471
670 489
671 654
671 246
671 438
671 738
672 459
672 54
672 540
672 519
673 582
673 60
673 288
673 42
674 126
674 138
674 666
674 330
675 177
675 624
675 390
675 189
676 705
676 666
676 699
676 744
677 81
677 225
677 222
677 180
678 297
678 693
678 669
678 183
679 171
679 342
679 156
679 633
680 396
680 696
680 384
680 210
681 759
681 675
681 255
681 117
682 45
682 153
682 447
682 222
683 9
683 69
683 411
683 714
684 738
684 342
684 690
684 51
685 567
685 147
685 231
685 96
686 72
686 135
686 282
686 246
687 477
687 438
687 111
687 105
688 366
688 495
688 315
688 357
689 402
689 570
689 477
689 450
690 723
690 156
690 672
690 735
691 228
691 318
691 681
691 198
692 660
692 606
692 249
692 462
693 753
693 483
693 558
693 57
694 618
694 72
694 303
694 327
695 510
695 414
695 432
695 111
696 144
696 747
696 468
696 546
697 552
697 177
697 228
697 507
698 336
698 135
698 474
698 564
699 453
699 390
699 762
699 345
700 228
700 243
700 39
700 213
701 726
701 600
701 270
701 576
702 672
702 576
702 135
702 417
703 222
703 567
703 528
703 366
704 549
704 228
704 147
704 333
705 408
705 375
705 72
705 744
706 510
706 549
706 540
706 195
707 171
707 534
707 543
707 399
708 9
708 582
708 612
708 738
709 414
709 114
709 546
709 321
710 690
710 684
710 738
710 147
711 483
711 498
711 513
711 264
712 726
712 660
712 597
712 366
713 270
713 672
713 342
713 12
714 453
714 114
714 210
714 624
715 648
715 753
715 255
715 660
716 567
716 99
716 630
716 216
717 213
717 408
717 537
717 138
718 324
718 507
718 285
718 42
719 237
719 30
719 306
719 195
720 693
720 138
720 564
720 195
721 42
721 138
721 207
721 495
722 255
722 417
722 351
722 135
723 402
723 606
723 27
723 204
724 705
724 657
724 420
724 150
725 300
725 189
725 288
725 624
726 696
726 573
726 666
726 165
727 606
727 207
727 360
727 531
728 345
728 156
728 726
728 387
729 297
729 165
729 114
729 552
730 585
730 465
730 687
730 219
731 303
731 717
731 423
731 240
732 606
732 75
732 390
732 138
733 264
733 681
733 765
733 192
734 486
734 663
734 357
734 324
735 102
735 720
735 87
735 447
736 108
736 45
736 66
736 405
737 213
737 180
737 189
737 30
738 645
738 111
738 249
738 180
739 60
739 675
739 420
739 666
740 750
740 45
740 39
740 249
741 726
741 36
741 441
741 444
742 699
742 33
742 3
742 36
743 753
743 90
743 483
743 93
744 138
744 552
744 501
744 351
745 732
745 690
745 381
745 612
746 33
746 630
746 24
746 93
747 537
747 447
747 762
747 522
748 492
748 33
748 3
748 450
749 69
749 444
749 126
749 0
750 477
750 129
750 36
750 462
751 222
751 522
751 558
751 360
752 306
752 291
752 711
752 270
753 213
753 324
753 114
753 249
754 186
754 141
754 342
754 726
755 588
755 336
755 480
755 312
756 369
756 483
756 762
756 438
757 159
757 120
757 441
757 639
758 252
758 477
758 333
758 474
759 231
759 123
759 66
759 537
760 414
760 9
760 42
760 630
761 333
761 156
761 111
761 519
762 297
762 453
762 477
762 117
763 24
763 189
763 429
763 393
764 672
764 423
764 66
764 66
765 546
765 507
765 705
765 30
766 216
766 270
766 504
766 450
767 396
767 570
767 219
767 42
